MY_ACCOUNT_ID=0.0.14830215
MY_PRIVATE_KEY=3030020100300706052b8104000a042204207ce4ecd4f4103b9dfc507ee3d4b02322fbf0bd2eeb3a9c7fae48aacb6b11e053

# For Token
TOKEN_ID=0.0.15072180
ADMIN_KEY=302a30050
SUPPLY_KEY=302a30050
FEE_SCHEDULE_KEY=302a30050
TREASURY_KEY=302a30050 

ACCOUNT_A_ID=0.0.15072182
ACCOUNT_A_PRIVATE_KEY=3030020100300706052b8104000a042204207ce4ecd4f4103b9dfc507ee3d4b02322fbf0bd2eeb3a9c7fae48aacb6b11e053

ACCOUNT_B_ID=0.0.15072188
ACCOUNT_B_PRIVATE_KEY=3030020100300706052b8104000a042204207ce4ecd4f4103b9dfc507ee3d4b02322fbf0bd2eeb3a9c7fae48aacb6b11e053