MY_ACCOUNT_ID=0.0.14830215
MY_PRIVATE_KEY=3030020100300706052b8104000a042204207ce4ecd4f4103b9dfc507ee3d4b02322fbf0bd2eeb3a9c7fae48aacb6b11e053
ACCOUNT_A_ID=0.0.15072182
ACCOUNT_B_ID=0.0.15072188